0 0.797400 0.513000 0.071900 0.057400
0 0.891700 0.480600 0.051000 0.059300
0 0.761500 0.520400 0.085400 0.079600
0 0.705200 0.476900 0.188500 0.218500
0 0.649500 0.535200 0.116700 0.174100
0 0.599000 0.546300 0.046900 0.135200
0 0.560400 0.565700 0.103100 0.185200
0 0.504200 0.579600 0.072900 0.111100
0 0.218200 0.622200 0.111500 0.170400
0 0.169300 0.625000 0.047900 0.085200
0 0.147400 0.631500 0.043700 0.066700
0 0.125000 0.625900 0.066700 0.081500
0 0.100500 0.629600 0.049000 0.068500
0 0.164100 0.602800 0.166700 0.079600
6 0.533300 0.488900 0.008300 0.046300
6 0.505200 0.495400 0.010400 0.048100
