0 0.787887 0.633293 0.077370 0.085051
0 0.883857 0.639999 0.057266 0.078423
0 0.751984 0.625935 0.093364 0.112141
0 0.702752 0.560746 0.211571 0.289198
0 0.641039 0.594914 0.135966 0.216845
0 0.590446 0.585237 0.063015 0.150658
0 0.550374 0.588467 0.124150 0.222136
0 0.493873 0.579204 0.085236 0.137740
0 0.209950 0.504669 0.130429 0.211133
0 0.161980 0.487559 0.057571 0.102382
0 0.139824 0.485004 0.051108 0.082667
0 0.118733 0.470466 0.075401 0.106406
0 0.094405 0.464130 0.056499 0.086569
0 0.159767 0.463836 0.172519 0.145120
6 0.533846 0.502700 0.014023 0.048445
6 0.505653 0.497631 0.016299 0.051050
