0 0.796639 0.539975 0.073455 0.063851
0 0.891746 0.516176 0.052636 0.063851
0 0.760573 0.544107 0.087574 0.087247
0 0.705596 0.495554 0.194529 0.235323
0 0.648294 0.548723 0.121547 0.184465
0 0.597541 0.555225 0.050721 0.139280
0 0.558435 0.571096 0.108284 0.194316
0 0.501909 0.579877 0.075995 0.117571
0 0.215058 0.596465 0.116248 0.180298
0 0.166142 0.594823 0.050284 0.089436
0 0.144084 0.599327 0.045558 0.070579
0 0.121874 0.591701 0.068953 0.087447
0 0.097299 0.593172 0.050903 0.072858
0 0.161586 0.572180 0.168768 0.094626
6 0.533575 0.491937 0.009619 0.046993
6 0.505325 0.495878 0.011768 0.048981
