0 0.787888 0.366716 0.077370 0.085049
0 0.883859 0.360013 0.057265 0.078422
0 0.751985 0.374073 0.093363 0.112139
0 0.702752 0.439261 0.211570 0.289193
0 0.641040 0.405091 0.135965 0.216842
0 0.590447 0.414766 0.063014 0.150657
0 0.550375 0.411534 0.124149 0.222133
0 0.493874 0.420796 0.085235 0.137738
0 0.209950 0.495322 0.130428 0.211131
0 0.161980 0.512430 0.057571 0.102381
0 0.139824 0.514984 0.051107 0.082666
0 0.118733 0.529522 0.075400 0.106404
0 0.094404 0.535857 0.056499 0.086568
0 0.159766 0.536153 0.172519 0.145115
6 0.533846 0.497301 0.014023 0.048445
6 0.505653 0.502370 0.016299 0.051050
