0 0.203331 0.460732 0.073416 0.063683
0 0.108242 0.484758 0.052595 0.063734
0 0.239394 0.456514 0.087520 0.087049
0 0.294408 0.504936 0.194377 0.234889
0 0.351669 0.451631 0.121424 0.184199
0 0.402417 0.445008 0.050623 0.139178
0 0.441512 0.429043 0.108151 0.194083
0 0.498031 0.420127 0.075917 0.117405
0 0.784869 0.402856 0.116127 0.180044
0 0.833787 0.404381 0.050223 0.089328
0 0.855841 0.399825 0.045511 0.070480
0 0.878057 0.407398 0.068897 0.087294
0 0.902630 0.405868 0.050855 0.072746
0 0.838359 0.427013 0.168720 0.094234
6 0.466431 0.508143 0.009584 0.046976
6 0.494678 0.504135 0.011732 0.048960
