0 0.202600 0.487000 0.071900 0.057400
0 0.108300 0.519400 0.051000 0.059300
0 0.238500 0.479600 0.085400 0.079600
0 0.294800 0.523100 0.188500 0.218500
0 0.350500 0.464800 0.116700 0.174100
0 0.401000 0.453700 0.046900 0.135200
0 0.439600 0.434300 0.103100 0.185200
0 0.495800 0.420400 0.072900 0.111100
0 0.781800 0.377800 0.111500 0.170400
0 0.830700 0.375000 0.047900 0.085200
0 0.852600 0.368500 0.043700 0.066700
0 0.875000 0.374100 0.066700 0.081500
0 0.899500 0.370400 0.049000 0.068500
0 0.835900 0.397200 0.166700 0.079600
6 0.466700 0.511100 0.008300 0.046300
6 0.494800 0.504600 0.010400 0.048100
