0 0.795687 0.558131 0.074396 0.068113
0 0.891200 0.540175 0.053664 0.066831
0 0.759563 0.560050 0.088914 0.092282
0 0.705560 0.508157 0.198313 0.246336
0 0.647261 0.557782 0.124641 0.191191
0 0.596412 0.561170 0.053227 0.141830
0 0.557021 0.574635 0.111625 0.200185
0 0.500359 0.579947 0.077973 0.121768
0 0.213357 0.578944 0.119283 0.186715
0 0.164501 0.574305 0.051820 0.092165
0 0.142369 0.577455 0.046746 0.073095
0 0.120320 0.568472 0.070373 0.091335
0 0.095732 0.568437 0.052113 0.075693
0 0.160387 0.551397 0.169916 0.104633
6 0.533712 0.493999 0.010495 0.047392
6 0.505402 0.496207 0.012674 0.049504
