0 0.214621 0.649364 0.077806 0.088520
0 0.118817 0.661447 0.057894 0.080741
0 0.250375 0.639998 0.094077 0.116174
0 0.298426 0.572081 0.213883 0.297770
0 0.360715 0.602773 0.138066 0.221854
0 0.411111 0.590264 0.064981 0.152170
0 0.451220 0.591247 0.126545 0.226320
0 0.507529 0.578821 0.086588 0.140851
0 0.789989 0.488407 0.132504 0.215888
0 0.837631 0.468617 0.058669 0.104333
0 0.859731 0.464822 0.051920 0.084531
0 0.880553 0.449108 0.076291 0.109407
0 0.904757 0.441412 0.057301 0.088708
0 0.839423 0.444781 0.172608 0.153573
6 0.466218 0.504596 0.014756 0.048541
6 0.494308 0.497949 0.017047 0.051246
