0 0.095988 0.670227 0.098424 0.082586
0 0.191261 0.663404 0.093842 0.096676
0 0.302847 0.658280 0.050460 0.045125
0 0.337093 0.654748 0.063609 0.063396
0 0.368319 0.638673 0.109903 0.159371
0 0.412653 0.636642 0.042182 0.097327
0 0.426195 0.636793 0.042916 0.064387
0 0.456231 0.616160 0.110659 0.177822
1 0.534848 0.611494 0.038054 0.122487
1 0.583690 0.592235 0.043440 0.176459
1 0.618535 0.588626 0.031443 0.162108
1 0.628335 0.585552 0.041916 0.216738
1 0.647588 0.570927 0.109447 0.300780
1 0.734518 0.551348 0.094656 0.293309
5 0.480032 0.484939 0.018133 0.064848
5 0.516934 0.480161 0.015887 0.060887
