0 0.089018 0.395011 0.096470 0.073333
0 0.184250 0.386584 0.091415 0.087971
0 0.295643 0.373859 0.049371 0.040400
0 0.329929 0.371906 0.062031 0.057481
0 0.361841 0.382927 0.105607 0.149479
0 0.406099 0.377867 0.039394 0.093769
0 0.419578 0.375552 0.041170 0.060538
0 0.450536 0.391303 0.105786 0.167977
1 0.529071 0.383389 0.034447 0.119505
1 0.578689 0.394767 0.038168 0.173296
1 0.613575 0.392795 0.026545 0.160044
1 0.623491 0.394290 0.035366 0.213991
1 0.643406 0.405780 0.100694 0.291865
1 0.730973 0.411391 0.086041 0.285817
5 0.480874 0.518190 0.016210 0.063470
5 0.517868 0.517054 0.014074 0.059706
