0 0.157563 0.401782 0.080033 0.058797
0 0.237178 0.397189 0.075689 0.071158
0 0.330327 0.389422 0.040935 0.032489
0 0.358982 0.388670 0.051378 0.046436
0 0.385548 0.398692 0.087050 0.122188
0 0.422557 0.395602 0.032164 0.077338
0 0.433835 0.394015 0.033918 0.049526
0 0.459566 0.407963 0.087050 0.137639
1 0.525230 0.403369 0.027819 0.098969
1 0.566583 0.414143 0.030493 0.143819
1 0.595739 0.413391 0.020885 0.133045
1 0.604009 0.414895 0.027819 0.177894
1 0.620551 0.425000 0.081787 0.241285
1 0.693650 0.431932 0.069590 0.236608
5 0.483876 0.514699 0.013033 0.052617
5 0.514787 0.514699 0.011278 0.049526
