0 0.084815 0.507003 0.100655 0.095142
0 0.178574 0.537845 0.096762 0.108388
0 0.288029 0.576763 0.051727 0.051522
0 0.321865 0.586796 0.065494 0.071366
0 0.354318 0.583408 0.115362 0.172423
0 0.397805 0.598876 0.045875 0.101816
0 0.410992 0.604353 0.045143 0.069452
0 0.442852 0.596052 0.116922 0.190714
1 0.520100 0.622442 0.042918 0.126037
1 0.570128 0.622883 0.050611 0.179983
1 0.604558 0.633077 0.038153 0.164163
1 0.614498 0.633936 0.050889 0.219469
1 0.635094 0.627251 0.121160 0.311731
1 0.722305 0.642370 0.106253 0.302302
5 0.482403 0.477454 0.020737 0.066446
5 0.518984 0.487317 0.018349 0.062228
