0 0.115879 0.219783 0.102295 0.107282
0 0.209386 0.252951 0.099124 0.119592
0 0.319155 0.288967 0.052692 0.057689
0 0.352671 0.301956 0.067000 0.079004
0 0.382103 0.326497 0.120183 0.184589
0 0.425716 0.340801 0.049335 0.105738
0 0.439106 0.344408 0.047121 0.074159
0 0.466963 0.373121 0.122549 0.202605
1 0.544207 0.399539 0.047584 0.128857
1 0.590761 0.432111 0.057569 0.182444
1 0.624862 0.445342 0.044720 0.165233
1 0.634272 0.451097 0.059671 0.220882
1 0.652006 0.470884 0.132287 0.320907
1 0.736152 0.514338 0.117353 0.309552
5 0.478954 0.509337 0.023249 0.067656
5 0.514985 0.524294 0.020731 0.063204
