0 0.883064 0.649513 0.092534 0.075557
0 0.792955 0.645642 0.088071 0.089032
0 0.687442 0.643817 0.047416 0.041376
0 0.655042 0.641405 0.059716 0.058327
0 0.625391 0.627054 0.102745 0.147995
0 0.583469 0.626334 0.039122 0.091062
0 0.570670 0.626844 0.040102 0.059831
0 0.542104 0.608152 0.103302 0.165456
1 0.467756 0.605869 0.034994 0.115014
1 0.421426 0.588987 0.039629 0.166003
1 0.388460 0.586517 0.028388 0.152734
1 0.379171 0.583877 0.037837 0.204208
1 0.360848 0.570573 0.101090 0.281990
1 0.278515 0.554419 0.087142 0.275316
5 0.518484 0.484760 0.016619 0.060946
5 0.483564 0.481242 0.014525 0.057254
