0 0.090100 0.617600 0.095800 0.070400
0 0.185400 0.623100 0.090600 0.085200
0 0.296900 0.632400 0.049000 0.038900
0 0.331200 0.633300 0.061500 0.055600
0 0.363000 0.621300 0.104200 0.146300
0 0.407300 0.625000 0.038500 0.092600
0 0.420800 0.626900 0.040600 0.059300
0 0.451600 0.610200 0.104200 0.164800
1 0.530200 0.615700 0.033300 0.118500
1 0.579700 0.602800 0.036500 0.172200
1 0.614600 0.603700 0.025000 0.159300
1 0.624500 0.601900 0.033300 0.213000
1 0.644300 0.589800 0.097900 0.288900
1 0.731800 0.581500 0.083300 0.283300
5 0.480700 0.482400 0.015600 0.063000
5 0.517700 0.482400 0.013500 0.059300
