0 0.909861 0.381970 0.095823 0.070501
0 0.814559 0.376570 0.090628 0.085295
0 0.703056 0.367387 0.049013 0.038951
0 0.668756 0.366523 0.061519 0.055665
0 0.636960 0.378556 0.104249 0.146409
0 0.592658 0.374903 0.038531 0.092640
0 0.579158 0.373017 0.040620 0.059343
0 0.548363 0.389749 0.104255 0.164909
1 0.469762 0.384332 0.033339 0.118535
1 0.420266 0.397284 0.036557 0.172238
1 0.385366 0.396420 0.025053 0.159326
1 0.375466 0.398231 0.033371 0.213035
1 0.355670 0.410352 0.097996 0.289003
1 0.268173 0.418743 0.083394 0.283387
5 0.519306 0.517580 0.015621 0.063016
5 0.482306 0.517619 0.013520 0.059314
