0 0.590600 0.680600 0.148400 0.197200
0 0.574200 0.656900 0.078100 0.075000
0 0.534400 0.679200 0.059400 0.100000
0 0.510200 0.676400 0.068800 0.113900
0 0.453100 0.643100 0.170300 0.280600
0 0.721100 0.693100 0.035900 0.038900
0 0.700800 0.693100 0.035900 0.050000
0 0.664100 0.690300 0.031200 0.050000
0 0.739800 0.688900 0.028100 0.047200
0 0.746900 0.691700 0.020300 0.036100
6 0.449200 0.593100 0.018700 0.052800
6 0.455500 0.595800 0.020300 0.058300
6 0.700000 0.637500 0.010900 0.036100
6 0.675000 0.638900 0.012500 0.033300
6 0.660200 0.641700 0.012500 0.038900
6 0.831200 0.598600 0.009400 0.050000
6 0.825800 0.602800 0.010900 0.041700
6 0.825000 0.605600 0.014100 0.047200
