0 0.412393 0.685208 0.151563 0.204789
0 0.428398 0.660670 0.079294 0.079006
0 0.468546 0.680903 0.061011 0.103029
0 0.492690 0.676853 0.070634 0.117409
0 0.549221 0.640615 0.174818 0.289286
0 0.282152 0.704450 0.036521 0.040740
0 0.302444 0.703400 0.036703 0.051835
0 0.339083 0.698704 0.032005 0.051592
0 0.263392 0.701218 0.028860 0.048633
0 0.256340 0.704384 0.020882 0.037134
6 0.552302 0.590434 0.019556 0.053745
6 0.546048 0.593459 0.021245 0.059325
6 0.302334 0.647782 0.011486 0.036648
6 0.327346 0.647889 0.013039 0.033932
6 0.342186 0.649923 0.013131 0.039530
6 0.170553 0.615682 0.010214 0.050465
6 0.176020 0.619601 0.011578 0.042246
6 0.176865 0.622359 0.014866 0.047909
