0 0.409400 0.680600 0.148400 0.197200
0 0.425800 0.656900 0.078100 0.075000
0 0.465600 0.679200 0.059400 0.100000
0 0.489800 0.676400 0.068800 0.113900
0 0.546900 0.643100 0.170300 0.280600
0 0.278900 0.693100 0.035900 0.038900
0 0.299200 0.693100 0.035900 0.050000
0 0.335900 0.690300 0.031200 0.050000
0 0.260200 0.688900 0.028100 0.047200
0 0.253100 0.691700 0.020300 0.036100
6 0.550800 0.593100 0.018700 0.052800
6 0.544500 0.595800 0.020300 0.058300
6 0.300000 0.637500 0.010900 0.036100
6 0.325000 0.638900 0.012500 0.033300
6 0.339800 0.641700 0.012500 0.038900
6 0.168800 0.598600 0.009400 0.050000
6 0.174200 0.602800 0.010900 0.041700
6 0.175000 0.605600 0.014100 0.047200
