0 0.609318 0.644185 0.167811 0.246602
0 0.590556 0.626890 0.085032 0.101598
0 0.554126 0.663075 0.069573 0.119337
0 0.530110 0.669058 0.080363 0.136337
0 0.470398 0.657035 0.198769 0.336165
0 0.738533 0.609379 0.039591 0.051034
0 0.718654 0.616698 0.040857 0.061903
0 0.682398 0.627187 0.036255 0.060209
0 0.756365 0.598525 0.032900 0.056350
0 0.763637 0.598707 0.023996 0.042668
6 0.460875 0.609480 0.024334 0.058445
6 0.467352 0.609852 0.026528 0.064407
6 0.711529 0.562541 0.014791 0.039280
6 0.687208 0.572925 0.016039 0.037115
6 0.673035 0.581002 0.016678 0.042598
6 0.835566 0.477151 0.014908 0.052350
6 0.830757 0.483210 0.015430 0.044763
6 0.830293 0.486240 0.019191 0.051302
