0 0.420583 0.657581 0.130082 0.172824
0 0.434959 0.636811 0.068460 0.065729
0 0.469846 0.656354 0.052068 0.087639
0 0.491059 0.653901 0.060308 0.099821
0 0.541111 0.624717 0.149279 0.245915
0 0.306192 0.668536 0.031469 0.034092
0 0.323986 0.668536 0.031469 0.043819
0 0.356156 0.666082 0.027349 0.043819
0 0.289800 0.664855 0.024631 0.041366
0 0.283577 0.667309 0.017794 0.031638
6 0.544529 0.580897 0.016392 0.046273
6 0.539007 0.583264 0.017794 0.051093
6 0.324688 0.619809 0.009555 0.031638
6 0.346602 0.621036 0.010957 0.029184
6 0.359575 0.623490 0.010957 0.034092
6 0.209682 0.585717 0.008240 0.043819
6 0.214416 0.589398 0.009555 0.036545
6 0.215117 0.591852 0.012360 0.041366
