0 0.388350 0.638422 0.170042 0.252902
0 0.407390 0.622113 0.085743 0.105096
0 0.443206 0.660182 0.070805 0.121724
0 0.467114 0.667415 0.081759 0.139114
0 0.526999 0.658511 0.202204 0.343048
0 0.259765 0.596892 0.039989 0.052614
0 0.279514 0.605244 0.041434 0.063413
0 0.315582 0.617620 0.036862 0.061479
0 0.242120 0.585113 0.033482 0.057480
0 0.234848 0.584916 0.024448 0.043472
6 0.537302 0.611473 0.025066 0.059060
6 0.530821 0.611508 0.027338 0.065069
6 0.287530 0.551483 0.015303 0.039605
6 0.311669 0.563130 0.016496 0.037539
6 0.325703 0.571943 0.017225 0.042987
6 0.164956 0.459660 0.015654 0.052510
6 0.169662 0.465968 0.016032 0.045052
6 0.170076 0.469021 0.019862 0.051720
