0 0.576922 0.300354 0.161321 0.229199
0 0.562353 0.327575 0.082838 0.092075
0 0.521280 0.314470 0.066081 0.112637
0 0.497478 0.322727 0.076401 0.128552
0 0.443229 0.368686 0.189018 0.316880
0 0.705463 0.258404 0.038395 0.046713
0 0.685328 0.263001 0.039190 0.057722
0 0.649128 0.274089 0.034528 0.056658
0 0.724312 0.258335 0.031253 0.053179
0 0.731153 0.253950 0.022721 0.040403
6 0.442943 0.419162 0.022331 0.056605
6 0.448998 0.415058 0.024312 0.062422
6 0.688519 0.318329 0.013398 0.038274
6 0.663622 0.322602 0.014784 0.035859
6 0.648742 0.323176 0.015185 0.041414
6 0.821437 0.327201 0.012906 0.051721
6 0.815780 0.324258 0.013799 0.043829
6 0.814786 0.321662 0.017367 0.050008
