0 0.414130 0.687762 0.153307 0.209033
0 0.429905 0.662756 0.079944 0.081258
0 0.470236 0.681804 0.061905 0.104715
0 0.494338 0.677044 0.071652 0.119363
0 0.550524 0.639146 0.177325 0.294123
0 0.284087 0.710835 0.036861 0.041772
0 0.304366 0.709188 0.037146 0.052860
0 0.340956 0.703414 0.032451 0.052479
0 0.265298 0.708157 0.029282 0.049430
0 0.258278 0.711530 0.021205 0.037709
6 0.553137 0.588882 0.020036 0.054262
6 0.546913 0.592090 0.021775 0.059886
6 0.303738 0.653582 0.011815 0.036947
6 0.328748 0.652952 0.013342 0.034279
6 0.343604 0.654548 0.013485 0.039874
6 0.171676 0.625365 0.010674 0.050710
6 0.177178 0.629123 0.011959 0.042541
6 0.178049 0.631855 0.015297 0.048295
